Inception Score: 235.8293914794922
FID: 4.703521703333422
sFID: 6.917601082254464
Precision: 0.86668
Recall: 0.4548
